5878274 43
5878274 9
7712754 478
7712754 279
3632887 268
3632887 181
600744 2098
600744 1916
59804426 100
59804426 68
63743203 22
63743203 1
34443176 4
34443176 3
4838455 241
4838455 93
11011780 6
11011780 3
4822278 55
4822278 57
34443184 4
4822278 37
4822278 27
2556962 17
2556962 15
59827823 1
59827819 1
59827819 1
600744 14
600744 23
39401265 1
600744 17
600744 23
2556962 355
2556962 204
10065458 6
600744 14
600744 8
55029148 94
55029148 29
600744 11
600744 22
61082890 1
16381751 65
16381751 69
55029832 3
55029832 1
16789001 1
16789001 1
4838455 16
4838455 26
4700151 12
4700151 11
53802835 2
5840274 11
5840274 13
1669534 41
1669534 21
5835176 3
3632887 44
3632887 24
36372278 2
714570 12
714570 17
35277272 1
714570 13
714570 31
712986 1
714570 13
714570 12
594417 9
594417 14
63079087 3
1202168 25
1202168 21
2122994 1
321544 20
321544 20
918987 1
321544 7
321544 12
6449075 1
16645718 4
8355009 13
8355009 13
1669534 8
1669534 11
54365640 3
54365640 1
1669534 7
1669534 9
1669616 4
10936290 9
10936290 8
16491695 4
2978668 113
2978668 139
2978668 7
2978668 12
16395685 2
2349724 11
2349724 9
16563299 1
4906617 7
4906617 6
16389493 2
8004648 5
8004648 9
143804 12
143804 9
8004648 7
8004648 7
1222755 7
1222755 6
16245639 3
16237771 1
4077845 5
4077845 6
1222755 5
1222755 5
16583252 3
5297162 12
5297162 6
1163095 8
1163095 6
14876253 4
14876253 7
16222834 1
9378013 6
9378013 6
16500046 1
16500046 1
6395043 6
6395043 10
1729032 4
1729032 7
58269093 4
32566233 5
32566233 6
16294227 4
16294227 3
32566233 4
32566233 18
47197315 6
47197315 7
55077702 1
47197315 47
47197315 22
16296343 2
5026730 5
5026730 6
16545229 1
16545229 1
221489 5
221489 6
10558683 5
10558683 5
16299641 2
16520452 2
1880521 8
1880521 5
5886374 6
5886374 8
8103642 3
22554980 33
22554980 18
52132228 2
52132228 1
5886374 56
5886374 198
45084477 2
5886374 3
5886374 12
16372723 1
7198790 4
7198790 6
5260031 5
5260031 6
5260031 3
5260031 5
16612592 2
5260031 3
5260031 7
2597833 4
2597833 4
11934775 4
11934775 4
16362777 2
11934775 3
11934775 5
16450634 1
40042954 3
40042954 7
3600326 7
3600326 7
810047 6
810047 4
35473107 5
35473107 8
16485008 1
5345208 3
5345208 6
20305346 5
20305346 7
16389216 1
4189233 7
4189233 10
16449025 1
4189233 3
4189233 5
41274137 6
41274137 5
4270459 1
712947 5
712947 5
712947 6
712947 4
712947 5
712947 4
712947 7
712947 9
712966 2
54538732 1
712947 6
712947 5
712947 7
712947 4
1921683 8
1921683 6
6921823 1
24976075 4
24976075 5
26290559 1
24976075 2
24976075 3
60432262 3
60432262 3
9179902 3
9179902 5
1921683 203
1921683 124
6893310 43
6893310 79
1283026 5
1283026 4
16435101 1
16584400 1
2222596 4
2222596 4
2516600 3
2516600 4
715483 3
715483 6
60432262 3
60432262 4
2874779 19
2874779 24
2874779 16
2874779 21
447585 4
447585 5
30254618 49
30254618 36
37033644 3
37033644 4
2516600 4
2516600 5
719320 4
719320 5
58164345 22
58164345 34
63813887 1
719320 3
719320 5
2516600 4
2516600 4
714587 2
1758827 73
1758827 98
341725 3
34314219 5
34314219 4
2516600 3
2516600 3
63813576 2
68498322 1
1758827 16
1758827 18
4454340 1
1758827 5
1758827 4
2516600 392
2516600 846
59412986 2
2516600 136
2516600 61
63813576 5
1758827 23
1758827 71
486474 7
1758827 365
1758827 477
9180825 5
64779246 8
64779246 5
64779246 103
64779246 209
4475056 4
4475056 11
4475056 5
4475056 7
4475056 3
4475056 5
3214009 6
3214009 4
7141419 11
7141419 5
1244298 3
1244298 4
1244298 5
1244298 5
160290 7
160290 4
160290 2
160290 4
714570 5
714570 5
714570 2
714570 3
35501306 1
714570 10
714570 3
712993 2
714570 38
714570 5
113023 2
113023 5
33786545 5
33786545 5
208357 3
208357 8
22602473 223
22602473 579
10890993 1
10890993 3
719320 29
719320 88
489792 4
489792 4
8199103 2
8199103 8
33744797 95
33744797 183
8586861 3
8586861 5
8586861 5
8586861 5
14252394 2
14252394 3
34473623 3
34473623 3
39531093 3
39531093 4
3611536 3
3611536 5
13587734 2
13587734 3
39531093 2
39531093 4
594417 3
594417 4
33897883 6
33897883 7
33897883 2
33897883 3
8636840 2
8636840 3
905971 3
905971 4
5467265 4
5467265 3
35473106 2
35473106 3
35473106 2
35473106 4
4475056 4
4475056 4
35473105 7
35473105 5
916775 2
916775 2
16576278 1
3477744 1
3477744 3
3477744 1
3477744 11
12399541 4
12399541 4
12523350 2
12523350 4
10980865 2
10980865 3
13041418 1
13041418 5
1745142 1
1745142 2
7138639 2
7138639 4
3898419 2
3898419 4
11296903 2
11296903 7
10602714 19
10602714 25
29988427 250
29988427 162
10602714 43
10602714 53
21804971 3
21804971 10
22644549 1
358808 13
358808 5
2175303 5
2175303 6
358808 8
358808 9
364514 99
364514 106
358808 6
358808 4
358808 2
358808 4
358808 2
358808 4
1758827 7
1758827 5
2338816 1
1096824 7
1096824 3
9180860 5
2516600 6
2516600 6
32720685 19
32720685 8
1758827 3
1758827 5
1758827 14
1758827 15
2516600 2
2516600 5
1758827 6
1758827 4
33160345 4
2516600 3
2516600 3
35277415 2
358808 14
358808 17
358808 84
358808 41
8761951 1
11554306 2
358808 4
358808 4
2516600 4
2516600 4
625411 1
1758827 2
1758827 4
1225873 2
1225873 4
639401 5
639401 3
64943732 65
64943732 32
49782418 15
49782418 11
49782418 8
49782418 9
35692158 3
35692158 6
61527225 1
3243047 227
3243047 193
51334951 153
51334951 95
61353839 2431
61353839 4097
61353839 2
61353839 4
49860890 2
64486 6
64486 6
1669534 2
1669534 4
1669555 1
64486 241
64486 310
10606 6
10606 6
44313289 1
64486 4
64486 4
64486 2
64486 5
39531093 3
39531093 3
7712754 1
7712754 5
4999439 66
4999439 155
63755686 3
63755686 2
4999439 8
4999439 3
63755687 1
30855847 3
30855847 4
4805009 1
962326 5
962326 5
20305346 1
20305346 5
24888356 1
24888356 5
23290197 6
23290197 5
1758827 31
1758827 14
4314400 13
4314400 21
39005348 3
39005348 4
39005348 1
39005348 6
54376810 18
54376810 31
11539916 2
11539916 4
36556 5
36556 4
594417 6
594417 5
161019 13
161019 6
42285964 1
358808 27
358808 5
358808 5
358808 4
358808 8
358808 3
702641 3
714570 5
714570 4
725006 7
725006 2
7468179 314
7468179 114
835827 52
835827 14
199706 12
199706 97
52541728 7
52541728 4
67721992 10
68548633 9
31616897 4
31616897 5
31634826 2
8071382 475
8071382 1
8071382 3
59806 1
59806 7
151802 2
151802 4
25803565 1
23523100 6
23523100 130
20245086 7
20245086 3
2538127 239
2538127 388
16577155 1
2283604 10
2283604 4
2283604 3
2283604 3
2283604 4
2283604 3
2283604 9
2283604 3
2283604 3
2283604 3
2283604 6
2283604 3
39125512 31
39125512 18
2538127 5
2538127 4
44005122 1
20245295 2
20245295 7
37312528 2
37312528 4
37889406 1
59091565 6
59091565 4
59096050 1
10039929 2
10039929 5
65807752 2
65807752 5
65807756 1
46562268 1
9798511 6
9798511 5
8197114 20
8197114 14
3306417 7
3306417 10
3913992 2
3913992 5
8944505 1
68039651 2
68039651 4
68039651 5
68039651 5
68039651 2
68039651 3
367753 3
367753 3
53589088 1
56440814 1
56440814 6
367753 3
367753 4
367753 2
367753 2
33230910 5
34141885 3
34141885 3
23956379 28
23956379 24
61912815 3
61912815 17
61912815 12
61912815 6
61912686 2
61912686 3
61912686 1
61912686 3
61912686 3
61912686 6
61912686 11
61912686 7
50659466 1
50659466 4
34141885 4
34141885 6
40796699 35
40796699 17
40796699 83
40796699 12
44983751 1
8270363 9
8270363 22
58729541 1
58729541 3
58729541 3
58729541 3
2001051 5
2001051 3
899480 140
899480 203
39806582 22
39806582 23
1282996 526
1282996 834
2551704 3
2551704 3
560220 2
560220 3
560220 3
560220 3
19840032 1
560220 1
560220 3
2001051 1
2001051 3
31524149 1
2001051 4
2001051 3
899480 13
899480 8
899482 1
1282996 4
1282996 2
35035817 3
35035817 5
35035817 1
35035817 2
35035817 1
35035817 2
61231740 2
61231740 2
18932264 2
18932264 2
49132561 8
49132561 4
13192350 3
13192350 3
64020762 1
64020762 2
46207936 3
46207936 3
16384948 2
16384948 33
41877944 2
41877944 1
32121481 3
32121481 2
712938 5
712938 2
996915 1
996915 1
16350871 2
16350871 2
29619976 1
16350871 1
16350871 2
32507917 1
42136359 1
42136359 1
33485643 3
33485643 2
61568641 1
61568641 3
68004514 3
68004514 2
68004521 1
1649310 4
1649310 1
43595989 2
43595989 3
60814368 2
36808516 3
36808516 2
50286 4
50286 2
15456792 1
3205067 3
3205067 2
48656022 2
48656022 1
6115145 137
6115145 63
64285578 4
64285578 2
64682286 2
64682286 2
24472860 6
24472860 2
17832214 5
17832214 2
13764567 3
13764567 1
34657091 1
13764567 2
13764567 1
13764567 2
13764567 1
534430 5
534430 2
460103 5
460103 6
52897635 2
52897635 2
13296243 4
13296243 3
32178315 2
32178315 5
33133421 1
32178315 4
32178315 2
43359294 4
43359294 3
53210757 38
53210757 11
20005293 3
20005293 3
59806 2
59806 6
68515382 9
60662504 5
60662504 2
66438227 4
66438227 2
65857092 3
65857092 4
49190187 6
49190187 3
62716067 3
62716067 1
67482777 4
67482777 2
67986158 3
67986158 3
9003666 6
9003666 2
9003666 210
9003666 52
662828 64
662828 25
337094 10
337094 6
40349589 2
40349589 3
40349589 4
40349589 1
64692001 4
64692001 2
15394859 7
15394859 4
3919325 14
3919325 22
60911471 7
60911471 16
61009035 2
1836625 3
1836625 12
13595884 5
13595884 6
29687022 4
29687022 1
29687022 4
29687022 4
29687022 3
29687022 3
25674445 4
25674445 10
61075767 4
61075767 3
1595666 8
1595666 3
1595666 4
1595666 2
13458765 3
13458765 2
30863321 5
30863321 4
58024641 121
58024641 74
65895653 3
65895653 1
66040777 4
66040777 1
9762240 6
9762240 1
52243591 4775
52243591 6236
61114660 25
61114660 20
18655346 3
18655346 5
43506 4
43506 2
16250456 146
16250456 217
105391 4
105391 2
16250456 3
16250456 2
38935873 1
38935873 2
38935873 1
38935873 2
26225466 4
26225466 2
16688390 2
16688390 2
2151042 2
2151042 2
7019731 515
7019731 376
7019731 3
7019731 4
318477 9
318477 2
56755476 12
56755476 11
19411110 13
19411110 26
37702667 1
37702667 3
60630110 5
60630110 5
60630110 333
60630110 1715
33026935 5
33026935 2
44627180 2
44627180 2
57093510 9
57093510 3
406896 2
406896 3
12663390 3
12663390 3
50087373 3
50087373 4
921237 1
921237 2
1127944 3
1127944 3
2659434 1
2659434 3
25368966 2
25368966 2
51836613 1
51836613 4
39072529 38
39072529 37
63875027 1
63875027 3
48032464 1
48032464 4
3122598 1
3122598 5
81736 1
81736 7
185538 1
185538 3
34314295 1
34314295 2
3793900 4
3793900 5
22244711 1
5132712 1
5132712 4
3793900 1
3793900 3
219948 1
219948 3
67551867 2
67551867 3
2066802 1
2066802 2
551215 3
551215 2
48768264 65
48768264 85
48768264 1
48768264 2
48768264 2
48768264 2
48768264 16
48768264 8
18945068 2
18945068 2
18945068 1
18945068 2
18945068 1
18945068 3
18945068 2
18945068 2
61105481 2
61105481 4
41468019 2
41468019 3
67382021 2
67382021 3
62889878 1
62889878 2
13454225 1
13454225 3
13454225 1
13454225 2
34080397 4
34080397 4
10568993 1
10568993 2
33916290 1
33916290 2
44296440 18
44296440 15
207925 3
207925 2
1654795 2
1654795 3
1148481 107
1148481 89
12261893 1
22256228 6
22256228 3
2149135 5
2149135 16
12787713 2
12787713 3
163982 4
163982 4
80086 3
80086 4
238677 14
238677 16
33242391 6
33242391 12
10803239 1
10803239 3
17180666 1
17180666 4
10568993 1
10568993 3
5588912 1
5588912 3
324935 16
324935 22
25335515 1
25335515 3
8228822 2
8228822 3
55500928 15
55500928 9
4683967 1
4683967 3
1284664 1
1284664 3
841054 2
841054 2
12787713 2
12787713 3
295633 2
295633 3
14272045 10
14272045 17
15462345 4
15462345 3
1103472 2
1103472 2
32938934 1
66419195 100
66419195 213
32056484 2
37354407 3
24440467 15
24440467 15
14850965 1
14850965 3
40820721 2
48428961 2
4569 7
4569 9
14369580 1
14369580 2
9409564 1
9409564 2
4569 2
4544 5
4544 6
1115633 1
1115633 3
4900 1
4900 3
387917 21
387917 2
2272539 16
2272539 25
33366490 1
33366490 1
31931166 2
853432 1
853432 2
13262405 2
30876821 60
30876821 4
732506 2
732506 2
19254949 13
19254949 1
4874635 1
27427181 2
27427181 1
349276 1
349276 2
91824 30
91824 2
561268 1
32056484 2
2671723 50
2671723 28
500210 2
4688 60
4688 1
53671031 1
53671031 2
30889623 3
30889623 5
44325455 2
2351240 9
2351240 9
20598015 23
20598015 56
5304269 2
43397877 1
43397877 1
61933263 2
22696716 2
64709282 271
64709282 136
64806588 1
36723047 1
36723047 1
36723047 1
36723047 2
3226808 2
67699463 1
19491000 1
25828695 2
36611218 4
36611218 19
30860230 1
20850081 2
13837260 1
4985373 204
4985373 927
4985373 1
4985373 1
1205771 1
16138165 1
16138165 1
157609 1
12359213 12
12359213 1
215300 2
59859004 2
12631052 2
68423 1
68423 3
24909117 29
24909117 14
2146168 3
28557558 2
28557558 5
5723540 2
5723540 1
5723540 2
5723540 1
826661 2
3555882 2
3555882 3
19146626 3
29115349 1
11797381 3
11797381 2
13623996 15
13623996 6
24277653 6
24277653 6
2836948 1
2836948 2
11918746 32
11918746 26
25033979 23
25033979 26
25033979 330
25033979 297
25033979 2
25033979 1
16250549 99
16250549 149
25033979 3
25033979 1
25033979 34
25033979 49
16250549 1
16250549 2
38935873 1
38935873 1
29627155 1
46963 2
46963 2
1588875 1
1588875 2
9872137 1
9872137 2
26235030 2
36585157 1
418164 1
418164 5
4580728 1
7444599 1
42696496 2
6765705 2
1592049 2
196034 1
196034 3
26902306 1
6120654 46
6120654 31
21438461 1
52835005 1
5044502 2
5044502 1
5105230 1
66275810 1
66275810 1
55674996 1
53456023 1
53456023 1
33846769 1
33846769 1
39902968 15
39902968 12
64006203 4
25102814 1
16768875 1
16768875 1
1284937 1
1284937 1
24765622 1
24765622 1
24765622 1
24765622 1
24765622 1
24765622 1
711402 1
1533207 2
60887750 2
60887750 2
62374082 1
62374082 1
62388619 1
62388409 1
62388409 1
16673032 1
26199189 1
26090787 1
41313987 1
41313987 1
68464946 1
68464964 5
68465163 5
12364998 18
12364998 6
12365020 11
12365020 4
12365065 11
12365065 3
12365106 14
12365106 2
12365138 14
12365138 1
12365159 15
12365159 4
12365165 15
12365165 4
28073801 1
28073801 1
28073801 1
28073801 1
28073801 1
28073801 1
28073801 1
2127917 1
2127917 1
162203 1
162203 1
162203 1
61600031 1
21577757 3
21577757 1
5087804 1
59735502 1
64466796 1
226680 1
226680 1
4727911 1
4727911 1
5628803 1
983863 1
15033067 1
36177677 1
700758 39
700758 1
60758873 1
64520086 1
3203591 1
1627413 10
1627413 1
40015235 2
5397957 2
362641 1
52541728 1
52541728 1
52541728 1
52541728 22
52541728 6
53267575 6
53267575 1
18302182 1
28492647 1
28492647 1
28492647 1
43119750 100
43119750 67
46728817 3
46728817 2
261935 12
261935 22
261935 1
67173319 1
67173319 1
43318102 1
34599947 1
34599947 1
2423894 1
12697904 1
12697904 1
12365274 18
12365274 1
12365280 17
12365280 2
12365296 15
12365296 4
12365326 2
12365326 2
12365387 12
12365387 1
12365403 16
12365403 1
12365469 17
12365469 2
17731319 2
24922246 1
3846665 2
12895132 7
12895132 1
943713 1
12367650 12
12367650 2
12367696 8
12367696 2
3739241 1
10973723 46
10973723 78
11880102 1
11880102 15
23892304 1
44263869 1
15415985 2
2694476 1
2694476 1
60828313 8
60828313 4
43117414 1
38033074 1
32078 1
32078 1
2073849 1
221832 1
66104853 3
66104853 2
66104860 4
63468217 2
15423804 132
15423804 188
42984780 3
42984780 2
15058049 2
15058049 2
31555492 1
53593065 1
53593065 1
2748007 7
2748007 1
1649310 60
1649310 333
303089 1
303089 1
8546584 17
8546584 22
1510450 1
1510450 1
15269859 1
5486241 1
67021364 1
27690161 3
27690161 2
9316252 1
9316252 1
10274974 1
571523 106
571523 223
1983395 1
4272383 6
4272383 10
22159936 1
17249623 1
702579 6
702579 2
1006325 2
1006325 6
26318131 1
1571246 5
26494098 3
26494098 1
12772838 2
23002786 1
331586 227
331586 176
1118809 1
1118809 15
1118809 13
32134903 64
32134903 107
32061460 63
32061460 104
68044393 22
68044393 13
32141810 88
32141810 113
32134903 2
32134903 3
35508257 2
2690787 10
2690787 49
18862817 1
18862817 4
248919 3
3536056 5
33017626 1
33017626 1
5806984 1
1947681 4
1947681 29
68452020 2
68452024 1
68452048 4
16250593 135
16250593 128
16250593 1
38760676 1
518160 1
63645491 1
63226275 2
32151928 1
19816859 2
4907825 2
1983348 1
1885796 1
43593485 1
6877384 1
869287 2
62288336 1
62288336 1
67197415 1
34444994 1
41211545 1
64962621 1
39304968 9
39304968 10
29418751 1
51252591 1
36859951 1
4750455 1
14708119 1
14708119 1
12347212 10
12347212 10
1958413 1
25334503 4
25334503 4
25966987 1
1266316 183
1266316 317
43426899 1
49671670 1
23991073 2
23991073 2
31364105 1
528806 1
35794149 1
68358173 637
68358173 585
1116216 1
1116216 1
65375473 1
65731109 1
65731109 1
65731109 1
20581922 4
20581922 11
20581922 1
37821991 5
37821991 1
675891 2
675891 1
34544347 17
34544347 5
51040905 3
51040905 2
6149080 3
2026987 2
2026987 1
40853625 1
3097519 3
2859877 1
2859877 4
2859877 11
2829978 2
217489 73
217489 192
21890243 1
508287 1
68165427 1
3539669 1
921237 1
14021537 1
1686478 2
31411 12
31411 13
14021537 1
14021537 1
26260392 1
26260392 1
24703033 1
54403 1
54403 6
42876806 1
51304776 3
51304776 3
49985620 3
24242621 1
24844004 1
68579152 2
68579160 5
43088872 1
24242621 39
24242621 72
12563777 1
47668128 1
298604 9
298604 15
20449728 1
20449728 1
4872596 1
16799751 1
16799751 1
43208108 1
9814 1
9814 1
1896643 14
1896643 2
22954824 4
22954824 1
22954824 1
248903 31
248903 2
37640033 1
30372531 1
32331572 1
5966434 188
5966434 296
64057574 1
7444599 1
24547268 1
24547268 1
40013197 1
46469358 1
41331925 1
21187781 1
2253426 1
34761760 1
34761760 1
49441747 1
1896643 1007
1896643 2307
19098014 5
1896643 3
1896643 2
68535418 3
68535482 33
41338254 2
41338254 1
50140207 344
50140207 492
64634782 1
64634782 1
64634782 1
34612318 11
34612318 12
43119910 1
32235348 1
46596672 1
26298513 1
57555110 1
57555110 2
9845590 1
7940 1
7940 1
7940 3
54111476 1
16251903 1
16251903 77
16251903 146
16251903 1
38760676 1
195568 1
89791 1
61999920 1
1640251 5
1640251 2
1443111 2
1443111 1
10693894 3
10693894 1
44392747 2
36963916 1
23592294 1
17578517 1
63800458 1
15300715 1
36723047 1
36723047 1
36723047 1
34319624 3
34319624 1
14009233 1
4376735 1
28016073 1
28016073 3
28016073 1
65641305 1
41609082 1
41609082 1
61864866 1
1206861 1
12384903 1
6946013 1
66470642 1
924668 1
924668 1
4841923 1
43760295 1
57264704 18
57264704 4
95408 5
95408 1
37746017 1
49246568 1
52695230 1
10891681 1
36916211 1
36533535 1
64001814 1
32495874 1
2285270 2
2285270 5
370462 2
370462 1
39490527 1
28879927 1
28879927 1
962527 2
962527 1
32393032 1
12142860 1
31928398 1
214049 2
44833428 4
44833428 7
44833428 1
44833428 1
12142860 2
12142860 1
923950 1
32780354 1
236600 1
67789557 1
9593 1
243844 1
34652907 1
52110569 2
53933906 1
16252029 78
16252029 126
16252029 1
5575722 8
5575722 1
29119414 1
29119414 1
23978071 1
23978071 6
23978071 4
23978071 1
23978071 1
23978071 62
23978071 99
53740779 1
504790 1
2299842 1
33734747 1
1302908 1
311937 3
311937 4
2442948 2
650232 1
24795568 3
24795568 1
37001055 352
37001055 402
36099568 2
36099568 9
1296421 1
1296421 1
4938133 1
2587548 4
2587548 5
2241987 9
2241987 7
40214346 39
40214346 62
10018360 1
2241987 38
2241987 5
21021058 2
4915766 78
4915766 272
30026718 1
30026718 1
66631526 1
147321 1
3458648 1
76560 257
76560 2
50414759 1
10857384 5
10857384 2
37319859 1
2214599 1
47480354 1
47480354 1
47480354 1
47480354 1
47480354 1
10018677 1
255189 2
255189 1
1983620 16
1983620 1
1983620 1
192609 1
192609 1
45541687 1
45541687 14
45541687 4
27653497 109
27653497 88
57959541 1
32764387 2
68530523 10
68464965 3
68465165 7
61652444 1
2248054 1
998327 2
998327 3
35478791 7
35320414 2
37046656 1
38938602 16
38938602 9
35527299 1
1910430 1
34205822 1
64702581 1
1356924 1
67894289 1
30473499 1
36194532 1
67532793 1
67532793 1
910750 1
68171930 1
971184 2
971184 12
68165823 1
68165823 1
65810363 21
65810363 7
67414385 1
4217146 1
22904873 1
44783572 73
44783572 111
24531422 1
36659431 1
10915287 7278
10915287 21201
40873051 1
83938 1
27960185 1
27960185 1
36655853 1
1232201 1
1223493 1
421807 3
1836501 1
46526 1
3501447 1
3501447 1
67845233 16
67845233 33
35516123 8
35516123 7
35516123 1
16203597 100
16203597 141
3927116 1
3927116 1
16203597 1
48328525 1
69155 3
69155 1
31147382 11
31147382 1
81066 1
81066 1
65411656 1
30247091 1
880023 1
25311407 30
25311407 83
34357584 1
34357584 1
3098217 1
3098217 1
54225543 1
54225543 3
617565 1
617565 1
4566407 1
28819 1
1659673 12
1659673 2
1894226 2
1894226 1
30864359 1
14823580 1
741238 5
741238 9
40110442 1
66752367 1
182032 2
33620074 1
22904873 1
1958269 1
1958269 1
8287041 1
2001058 1
21466530 1
21466530 1
2530474 1
1186881 1
2436051 1
17796632 1
67037549 1
10533359 1
10533359 1
3926696 1
25683336 63
25683336 90
25683336 2
25683336 1
25683336 7
25683336 6
59993754 25
59993754 7
619985 2
619985 1
29177914 2
57283610 247
57283610 159
4095314 1
4095314 1
20731639 1
63610047 1
20194691 1
1983348 1
2968628 1
37732991 5
37732991 1
33158895 16
33158895 6
33158895 1
33158895 1
33158895 1
49432988 1
8617839 4
8617839 9
8202851 1
37732991 448
37732991 383
2257709 8
2257709 30
1522196 1
1522196 4
1983395 2
20777409 1
1000449 1
1442218 1
71262 1
71262 1
1491778 1
35728966 1
539058 1
58713610 27
58713610 14
51003265 4
51003265 3
37407417 1
36493903 4
28433130 1
28433130 2
28433130 4
16204072 66
16204072 112
264509 2
264509 2
16204072 1
306325 23
306325 6
58559457 1
1596654 9
1596654 20
22460637 1
62153436 183
62153436 743
32083224 1
32083224 1
37583838 1
37583838 1
43806600 701
43806600 1269
6061595 1
1596222 1
1596222 6
31965217 1
48282885 1
39737165 1
19191966 371
19191966 349
13862 1
37674763 1
37674763 11
37674763 25
31872121 1
30820949 1
20720118 1
54213693 5
54213693 6
24731958 1
24731958 1
24731958 1
14439630 6
14439630 6
63338263 2
39121519 1
9927839 1
41918452 1
5126284 1
7955281 1
64349364 1
64349364 1
68180229 1
37584202 1
13418789 2
65231027 26
65231027 10
11906755 1
11906755 1
46852976 3
46852976 1
63109567 3
46852976 1
46852976 1
48324759 2
48324759 2
13834 25464
13834 7150
13834 2494
13834 105
45643265 3
13834 1
16671571 3
59739870 1
4660498 1
4660498 1
